19
443 918 409  64 314 362  29 464 893 347  30 608 146 161 709 211 875 870 586
244 141  75 459 414 976 649 858 117 544 323  14 597 324  58 821  81 397 759
587 565 272 277  48 447  77 198  38 357 555 130 354 901 539 413   6 686 198
175 602  62 491 638 542 176 666 340 841 395 309 113 143 652 793 706 567 956
515 827 493 785  83  21 140 967 266 842 574 633 240 406 426   2 551 374 987
147 876 224 473 179 424 952 502 165 352 573 872 666 477 759 666  45 121 673
892 749 446 449 678 566 480 817 797 504 710 267 816 118 222   5 634 730 869
637 161 544 451 791 663 842 550 628 815 280 539   0 294 898 522 342 959 550
565 803 275 441 811 141 715 652 196 796 842 925 451 929 905 991 157 522 680
752 727 634 594 108 466 183 361 990 657 287 849 915 413 858 988 176 977 822
 14  64 596 642 680 209  30 627 492 412 137  29 252 366 469 956 164 892 173
 95 462 895 557 872 102  67 996 358 684 526 790 502 927 651 469 538 155 173
103 426 618 340 331 744 337 863 389   0 493 816 760 118 451 734 601 781 141
295 952 993 710 156  27 673 212 534 873 182 962 211 485  68 138 286 862 187
425 877 333 907 236 450 626 668 982 260 116 244 829 337 355 146 192 708  97
494 123 650 362 822 569 432 721 181 328 830  35 672 614 187 930  15 469 664
492 456 587 449 139 531  14 963 812 809 524 262 646 988 324 129 400 339 819
543 700 269 134 893 764 395 455 630 703 382 385 318  50 291 557 529 834 445
985 262 152 294 975 979 185 435 761  25 266 813 196 899 284 321 978 742 619
